2.548390023
7.548390023
10.530249433
16.530249433
18.599183673
24.599183673
27.254421769
33.254421769000004
35.938684807
41.938684807
45.319546485
51.319546485
54.729433107
60.729433107
63.872290249
69.872290249
73.044172336
79.044172336
82.256689342
88.256689342
90.522993197
96.522993197
99.625215420
105.62521542
108.350113379
114.350113379
116.674467120
122.67446712
125.190385488
131.190385488
133.410249433
139.410249433
141.078639456
147.078639456
149.751292517
155.751292517
159.201814059
165.201814059
167.137233560
173.13723356
175.061043084
181.061043084
182.996462585
188.996462585
191.912925170
197.91292517
201.073197279
207.073197279
